[Variables]
ercf_calib_0 = 1.0
ercf_calib_1 = 0.999043101327
ercf_calib_10 = 1.0
ercf_calib_11 = 1.0
ercf_calib_2 = 0.998248317635
ercf_calib_3 = 1.007061103746
ercf_calib_4 = 1.002234932322
ercf_calib_5 = 1.002234932322
ercf_calib_6 = 0.99745479751
ercf_calib_7 = 0.999043101327
ercf_calib_8 = 0.998248317635
ercf_calib_9 = 1.0
ercf_calib_ref = 955.3
ercf_calib_version = 2

