[Variables]
ercf_calib_0 = 1.0
ercf_calib_1 = 0.992842834059
ercf_calib_10 = 1.0
ercf_calib_11 = 1.0
ercf_calib_2 = 0.993619706386
ercf_calib_3 = 0.993619706386
ercf_calib_4 = 1.001455823945
ercf_calib_5 = 0.995177104045
ercf_calib_6 = 0.992067175595
ercf_calib_7 = 1.001455823945
ercf_calib_8 = 0.999878728159
ercf_calib_9 = 1.0
ercf_calib_ref = 948.0
ercf_calib_version = 2

